173,10
3565,110
7708,210
12112,310
16828,410
21639,510
26550,610
31634,710
36804,810
41980,910
47231,1010
52497,1110
58121,1210
63556,1310
69145,1410
74773,1510
80326,1610
85936,1710
91591,1810
97205,1910
102983,2010
108648,2110
114619,2210
120539,2310
126455,2410
132398,2510
138279,2610
144420,2710
150360,2810
156446,2910
162504,3010
168540,3110
174438,3210
180609,3310
186617,3410
192598,3510
198826,3610
204799,3710
211127,3810
217091,3910
223177,4010
229653,4110
235742,4210
242046,4310
248376,4410
254726,4510
261076,4610
267474,4710
273975,4810
280338,4910
286659,5010
293356,5110
299516,5210
305983,5310
312474,5410
318940,5510
325289,5610
331930,5710
338346,5810
344683,5910
351398,6010
357819,6110
364416,6210
370777,6310
377374,6410
383708,6510
390414,6610
396686,6710
403408,6810
409714,6910
416456,7010
422529,7110
429317,7210
435935,7310
442418,7410
449129,7510
455771,7610
462433,7710
468917,7810
475554,7910
482135,8010
488541,8110
495541,8210
501998,8310
508715,8410
515577,8510
522313,8610
529282,8710
535985,8810
542581,8910
549401,9010
556483,9110
563483,9210
569961,9310
576866,9410
583664,9510
590383,9610
597482,9710
604107,9810
611139,9910
618013,10010
624725,10110
631906,10210
638469,10310
645359,10410
652521,10510
659009,10610
665923,10710
672719,10810
679765,10910
686988,11010
693613,11110
700657,11210
707374,11310
714628,11410
721144,11510
728121,11610
735106,11710
742068,11810
748750,11910
755899,12010
763121,12110
770072,12210
777358,12310
783997,12410
790776,12510
797576,12610
804647,12710
811427,12810
818365,12910
824980,13010
832063,13110
839132,13210
846137,13310
852824,13410
860067,13510
867244,13610
874122,13710
880879,13810
888066,13910
894964,14010
901928,14110
908921,14210
916295,14310
923088,14410
930010,14510
936900,14610
944206,14710
950654,14810
957832,14910
965047,15010
972069,15110
979308,15210
986347,15310
993327,15410
1000248,15510
1007011,15610
1014156,15710
1021094,15810
1028291,15910
1035593,16010
1042895,16110
1049742,16210
1056889,16310
1063983,16410
1071309,16510
1078057,16610
1085351,16710
1092479,16810
1100220,16910
1106805,17010
1114297,17110
1121608,17210
1128605,17310
1136125,17410
1142982,17510
1150508,17610
1157772,17710
1164823,17810
1172316,17910
1179256,18010
1186841,18110
1193913,18210
1201269,18310
1208353,18410
1216152,18510
1222960,18610
1230056,18710
1237549,18810
1245034,18910
1251930,19010
1259564,19110
1266501,19210
1274046,19310
1281506,19410
1288695,19510
1295852,19610
1303596,19710
1310400,19810
1317706,19910
1325391,20010
1332662,20110
1339790,20210
1347291,20310
1354869,20410
1362653,20510
1369517,20610
1376559,20710
1384114,20810
1391231,20910
1398591,21010
1405932,21110
1412967,21210
1420287,21310
1427697,21410
1435324,21510
1442061,21610
1449683,21710
1457140,21810
1463862,21910
1471763,22010
1478842,22110
1486473,22210
1493488,22310
1501414,22410
1508630,22510
1516348,22610
1523291,22710
1530685,22810
1538308,22910
1545265,23010
1553228,23110
1559842,23210
1567638,23310
1574901,23410
1582400,23510
1589794,23610
1597135,23710
1604399,23810
1611546,23910
1619302,24010
1626891,24110
1634311,24210
1641430,24310
1649418,24410
1656521,24510
1664277,24610
1671819,24710
1678532,24810
1685593,24910
1693343,25010
1700689,25110
1707951,25210
1715139,25310
1722318,25410
1729894,25510
1737257,25610
1744614,25710
1752219,25810
1759857,25910
1767143,26010
1774084,26110
1781617,26210
1789491,26310
1796610,26410
1803996,26510
1811598,26610
1818514,26710
1826412,26810
1833927,26910
1840928,27010
1848595,27110
1856030,27210
1863307,27310
1870503,27410
1878121,27510
1885960,27610
1892778,27710
1900528,27810
1907993,27910
1915106,28010
1922882,28110
1930465,28210
1937433,28310
1945164,28410
1952790,28510
1960320,28610
1967990,28710
1975021,28810
1982347,28910
1990374,29010
1997052,29110
2004568,29210
2012428,29310
2019347,29410
2027107,29510
2034356,29610
2041972,29710
2049536,29810
2056928,29910
2064044,30010
2071494,30110
2079048,30210
2086712,30310
2093986,30410
2101679,30510
2109830,30610
2116622,30710
2124010,30810
2131581,30910
2138545,31010
2146741,31110
2154155,31210
2161745,31310
2169117,31410
2176895,31510
2184677,31610
2192327,31710
2199119,31810
2207066,31910
2214108,32010
2222062,32110
2229736,32210
2236889,32310
2244266,32410
2252459,32510
2260228,32610
2268024,32710
2275243,32810
2282814,32910
2289834,33010
2297718,33110
2305569,33210
2313082,33310
2320990,33410
2327770,33510
2335435,33610
2344119,33710
2351264,33810
2358986,33910
2366391,34010
2374413,34110
2381955,34210
2389179,34310
2396934,34410
2404286,34510
2412615,34610
2420390,34710
2427987,34810
2435622,34910
2443120,35010
2450946,35110
2458887,35210
2465763,35310
2474181,35410
2481946,35510
2489053,35610
2497357,35710
2505067,35810
2512231,35910
2519963,36010
2527556,36110
2535328,36210
2543449,36310
2551077,36410
2558876,36510
2566066,36610
2574606,36710
2582341,36810
2590382,36910
2597595,37010
2605365,37110
2612666,37210
2620383,37310
2627995,37410
2636034,37510
2643673,37610
2651703,37710
2658852,37810
2666641,37910
2674706,38010
2682276,38110
2689903,38210
2698008,38310
2705697,38410
2712903,38510
2720960,38610
2728745,38710
2737059,38810
2745101,38910
2752017,39010
2760288,39110
2767439,39210
2775272,39310
2782775,39410
2791058,39510
2798756,39610
2806946,39710
2813953,39810
2822060,39910
2830309,40010
2837401,40110
2845405,40210
2853438,40310
2861347,40410
2868777,40510
2876803,40610
2884882,40710
2892794,40810
2900676,40910
2908597,41010
2915889,41110
2923693,41210
2930896,41310
2939009,41410
2946492,41510
2954547,41610
2961975,41710
2969334,41810
2977036,41910
2985574,42010
2992699,42110
3000688,42210
3008431,42310
3016129,42410
3023837,42510
3031384,42610
3039177,42710
3047315,42810
3055532,42910
3063157,43010
3071118,43110
3078489,43210
3085942,43310
3093880,43410
3101806,43510
3109173,43610
3117024,43710
3125076,43810
3132967,43910
3141308,44010
3148345,44110
3156010,44210
3164502,44310
3171794,44410
3179804,44510
3186930,44610
3195419,44710
3203420,44810
3211447,44910
3219285,45010
3227177,45110
3234481,45210
3242570,45310
3249670,45410
3257726,45510
3265999,45610
3273764,45710
3281021,45810
3289336,45910
3297048,46010
3305284,46110
3312440,46210
3320643,46310
3328541,46410
3336414,46510
3344059,46610
3352358,46710
3359582,46810
3367902,46910
3375428,47010
3383461,47110
3391074,47210
3398625,47310
3406520,47410
3413985,47510
3422835,47610
3430538,47710
3438223,47810
3446045,47910
3454597,48010
3462273,48110
3469853,48210
3477536,48310
3485828,48410
3493809,48510
3501505,48610
3509454,48710
3517238,48810
3525474,48910
3533562,49010
3541674,49110
3549369,49210
3557370,49310
3564720,49410
3572277,49510
3580036,49610
3587439,49710
3595333,49810
3603672,49910
3610465,50010
3618331,50110
3626508,50210
3635102,50310
3641948,50410
3649384,50510
3657752,50610
3666280,50710
3673528,50810
3681681,50910
3689109,51010
3696971,51110
3704996,51210
3713218,51310
3719946,51410
3727929,51510
3735686,51610
3743385,51710
3751244,51810
3759411,51910
3767281,52010
3775271,52110
3782823,52210
3790407,52310
3798324,52410
3806193,52510
3814152,52610
3822533,52710
3829882,52810
3837876,52910
3846222,53010
3853824,53110
3861971,53210
3869907,53310
3877731,53410
3885162,53510
3893252,53610
3901078,53710
3908140,53810
3916674,53910
3924807,54010
3932345,54110
3940594,54210
3947700,54310
3955181,54410
3963373,54510
3970816,54610
3978944,54710
3987131,54810
3994585,54910
4003042,55010
4010941,55110
4018227,55210
4027400,55310
4034547,55410
4042090,55510
4050104,55610
4058627,55710
4066782,55810
4074261,55910
4082199,56010
4089242,56110
4098054,56210
4106072,56310
4114172,56410
4121483,56510
4129883,56610
4137000,56710
4145941,56810
4153193,56910
4160975,57010
4169148,57110
4177375,57210
4185691,57310
4193835,57410
4200982,57510
4209159,57610
4216960,57710
4224523,57810
4232304,57910
4239999,58010
4248796,58110
4255871,58210
4263750,58310
4271699,58410
4279844,58510
4287515,58610
4294948,58710
4302869,58810
4310781,58910
4319307,59010
4327155,59110
4334637,59210
4342453,59310
4351118,59410
4358878,59510
4367110,59610
4374042,59710
4382405,59810
4390448,59910
4397483,60010
4406045,60110
4413545,60210
4421408,60310
4429867,60410
4438358,60510
4445637,60610
4453542,60710
4461616,60810
4469871,60910
4477640,61010
4485336,61110
4493587,61210
4501355,61310
4509066,61410
4517537,61510
4524562,61610
4532417,61710
4541035,61810
4548024,61910
4556966,62010
4564619,62110
4572635,62210
4580823,62310
4589340,62410
4596129,62510
4604263,62610
4612800,62710
4620518,62810
4628394,62910
4636208,63010
4644431,63110
4652018,63210
4660152,63310
4668634,63410
4676058,63510
4684543,63610
4691724,63710
4700589,63810
4708465,63910
4715362,64010
4724098,64110
4732387,64210
4739892,64310
4748322,64410
4756206,64510
4764224,64610
4772371,64710
4780043,64810
4788754,64910
4796127,65010
4803929,65110
4812318,65210
4820163,65310
4828677,65410
4836528,65510
4845088,65610
4853456,65710
4861054,65810
4868739,65910
4876098,66010
4884905,66110
4891903,66210
4900552,66310
4909253,66410
4917157,66510
4924869,66610
4932994,66710
4940173,66810
4948360,66910
4957652,67010
4965085,67110
4973012,67210
4981145,67310
4989637,67410
4997159,67510
5006360,67610
5013858,67710
5021654,67810
5029430,67910
5037013,68010
5046851,68110
5054030,68210
5061705,68310
5070406,68410
5078134,68510
5086397,68610
5094760,68710
5103508,68810
5110917,68910
5118308,69010
5127200,69110
5135189,69210
5143658,69310
5152678,69410
5160108,69510
5167816,69610
5176564,69710
5184218,69810
5193212,69910
5200847,70010
5209245,70110
5217445,70210
5224620,70310
5232419,70410
5241568,70510
5249838,70610
5257837,70710
5265246,70810
5273690,70910
5281853,71010
5289643,71110
5298617,71210
5306677,71310
5313457,71410
5323165,71510
5331288,71610
5338879,71710
5347689,71810
5355533,71910
5363656,72010
5371546,72110
5380187,72210
5388053,72310
5396004,72410
5404241,72510
5412485,72610
5421617,72710
5428572,72810
5437349,72910
5445670,73010
5454098,73110
5462123,73210
5470283,73310
5478675,73410
5486972,73510
5495381,73610
5504224,73710
5511553,73810
5519389,73910
5527554,74010
5536295,74110
5543668,74210
5551736,74310
5560005,74410
5567840,74510
5576030,74610
5584267,74710
5592428,74810
5600076,74910
5608950,75010
5616672,75110
5625457,75210
5632698,75310
5640763,75410
5649944,75510
5657315,75610
5666067,75710
5674443,75810
5682289,75910
5690342,76010
5698212,76110
5706905,76210
5715338,76310
5722944,76410
5730593,76510
5739511,76610
5747471,76710
5757008,76810
5763951,76910
5771755,77010
5780399,77110
5788313,77210
5797049,77310
5805776,77410
5813250,77510
5822135,77610
5830450,77710
5839074,77810
5845690,77910
5854486,78010
5862704,78110
5870748,78210
5878726,78310
5887615,78410
5894779,78510
5903425,78610
5911716,78710
5919747,78810
5928471,78910
5936000,79010
5944932,79110
5952615,79210
5961239,79310
5970222,79410
5977922,79510
5985691,79610
5994693,79710
6002623,79810
6010736,79910
6019795,80010
6026771,80110
6035946,80210
6043236,80310
6051865,80410
6060460,80510
6068667,80610
6077176,80710
6085381,80810
6093207,80910
6101384,81010
6109981,81110
6118197,81210
6126277,81310
6135605,81410
6143252,81510
6151704,81610
6160046,81710
6169126,81810
6177811,81910
6185283,82010
6193433,82110
6200850,82210
6209290,82310
6216966,82410
6225127,82510
6233317,82610
6242034,82710
6250292,82810
6258334,82910
6266100,83010
6273738,83110
6281712,83210
6290302,83310
6299109,83410
6306378,83510
6315419,83610
6323406,83710
6331271,83810
6339431,83910
6347519,84010
6356233,84110
6363414,84210
6372701,84310
6380264,84410
6388292,84510
6396860,84610
6404639,84710
6412871,84810
6421945,84910
6429976,85010
6437568,85110
6446603,85210
6454428,85310
6462599,85410
6470712,85510
6479811,85610
6487531,85710
6496272,85810
6504314,85910
6512936,86010
6519512,86110
6528180,86210
6537149,86310
6544644,86410
6553299,86510
6560879,86610
6568667,86710
6577554,86810
6586402,86910
6593732,87010
6603386,87110
6611218,87210
6617932,87310
6626593,87410
6635092,87510
6643795,87610
6651576,87710
6660230,87810
6668611,87910
6677150,88010
6685245,88110
6692535,88210
6701167,88310
6709825,88410
6718195,88510
6725317,88610
6734810,88710
6742701,88810
6751130,88910
6759249,89010
6767733,89110
6775182,89210
6784280,89310
6792161,89410
6801497,89510
6810060,89610
6816605,89710
6825552,89810
6834567,89910
6842889,90010
6850577,90110
6859920,90210
6868036,90310
6876285,90410
6884272,90510
6892865,90610
6900511,90710
6908317,90810
6916673,90910
6924611,91010
6933316,91110
6940985,91210
6949543,91310
6958007,91410
6965982,91510
6974259,91610
6982305,91710
6990594,91810
6999594,91910
7007616,92010
7016259,92110
7024339,92210
7032118,92310
7040555,92410
7048660,92510
7056927,92610
7064981,92710
7073021,92810
7081590,92910
7090247,93010
7098513,93110
7106851,93210
7114673,93310
7123238,93410
7132060,93510
7138722,93610
7147696,93710
7156671,93810
7164834,93910
7173243,94010
7180800,94110
7189794,94210
7198582,94310
7206920,94410
7214835,94510
7223778,94610
7231402,94710
7239412,94810
7248490,94910
7255663,95010
7264791,95110
7272245,95210
7280874,95310
7288844,95410
7296806,95510
7305499,95610
7314631,95710
7322044,95810
7330947,95910
7339276,96010
7347639,96110
7355476,96210
7364548,96310
7373806,96410
7380837,96510
7389066,96610
7397688,96710
7406324,96810
7414777,96910
7423485,97010
7430854,97110
7439723,97210
7447763,97310
7456051,97410
7465268,97510
7473391,97610
7481897,97710
7491548,97810
7498116,97910
7506835,98010
7514894,98110
7524951,98210
7532889,98310
7540318,98410
7548463,98510
7556412,98610
7565193,98710
7573360,98810
7580542,98910
7588402,99010
7597026,99110
7606083,99210
7614987,99310
7622926,99410
7630173,99510
7638515,99610
7646907,99710
7654470,99810
